structure(c(1.45858135766692e-05, 1.28206771371436e-05, 1.3566887852925e-05, 
-2.74717218352633e-06, 2.00552243037254e-05, 1.08036722672649e-05, 
1.49346822398497e-05, -3.00206693561331e-05, 4.38792952078041e-11, 
-5.64171244103133e-11, 2.62216206802706e-11, 2.94054272339401e-11, 
4.18295594930955e-11, 8.98183030020712e-12, -8.08658066574245e-12, 
7.12179643118792e-11, -2.25507178264906e-09, -1.87379712751257e-09, 
-1.79849482473145e-09, 3.39400410935141e-11, -3.05410434713455e-09, 
-1.14311594650093e-09, -3.08629267766262e-09, 4.3474279115141e-09, 
0, 0, 0, 0, 0, 0, 0, 0, 0, 0, 0, 0, 0, 0, 0, 0, 4.49402059290405e-05, 
-7.62191332684852e-06, 3.71743539636707e-05, 5.4605554451246e-05, 
-5.4654710095569e-05, -5.46547688732147e-05, 1.28206771371231e-05, 
1.98189403740435e-05, 1.80403261590011e-05, 2.24380591758897e-06, 
2.05522371407371e-05, 1.81892690200055e-05, 1.86814799824618e-05, 
-3.7356106333516e-05, -5.64171243584422e-11, 8.83168948487975e-11, 
-3.87362897497451e-11, -5.5974777297934e-11, -5.24757971771314e-11, 
-1.25718637185755e-11, 1.54912553948864e-11, -1.24123379532967e-10, 
-1.87379712695499e-09, -1.55698621213845e-09, -1.49441559345445e-09, 
2.82016528450653e-11, -2.53773382952442e-09, -9.49844432406689e-10, 
-2.56447994157956e-09, 3.61238963543885e-09, 0, 0, 0, 0, 0, 0, 
0, 0, 0, 0, 0, 0, 0, 0, 0, 0, 4.86197956198429e-06, 3.59021849514699e-05, 
1.10876581087749e-05, 3.59331117523617e-05, -3.59971533446616e-05, 
-3.59970952698741e-05, 1.35668878532656e-05, 1.80403261594899e-05, 
1.21528022508953e-05, 2.86994147963599e-06, 2.19632289976686e-05, 
5.47752364382068e-06, 3.46788392145758e-06, -1.32534424843279e-05, 
2.6221620511183e-11, -3.87362897916241e-11, 1.72681231787735e-11, 
2.33544661708224e-11, 2.45810862369556e-11, 5.69320345144572e-12, 
-6.45374722927978e-12, 5.29206505659783e-11, -1.79849482537264e-09, 
-1.49441559326501e-09, -1.43435950053807e-09, 2.70683125717267e-11, 
-2.435749896897e-09, -9.11673025589957e-10, -2.46142116338456e-09, 
3.46721850079312e-09, 0, 0, 0, 0, 0, 0, 0, 0, 0, 0, 0, 0, 0, 
0, 0, 0, -6.97875717648136e-05, 7.71598054169734e-05, -5.06904424532423e-05, 
3.54104629003689e-05, -3.52240997976704e-05, -3.52240021017081e-05, 
-2.74717218270324e-06, 2.24380591783531e-06, 2.86994148024673e-06, 
2.89546644694442e-05, -1.13225726186682e-05, 3.85335055511706e-08, 
-9.02101598158537e-06, 3.211426308644e-05, 2.9405427270299e-11, 
-5.59747772931996e-11, 2.33544662612197e-11, 4.06221319399589e-11, 
2.65282877703228e-11, 7.19762414745378e-12, -1.12840647458419e-11, 
8.52086325607934e-11, 3.39400413427857e-11, 2.82016528834898e-11, 
2.70683129327635e-11, -5.10815845931713e-13, 4.59659104647294e-11, 
1.72045088989458e-11, 4.64503622101594e-11, -6.54311248617482e-11, 
0, 0, 0, 0, 0, 0, 0, 0, 0, 0, 0, 0, 0, 0, 0, 0, -4.32746895716489e-05, 
0.000110675058628186, -0.000152633781862908, -7.17553575581876e-05, 
7.24652932840775e-05, 7.24655589308156e-05, 2.00552243036554e-05, 
2.05522371407756e-05, 2.19632289970869e-05, -1.1322572618707e-05, 
4.16352170445501e-05, 1.68667558287143e-05, 1.92096715355293e-05, 
-4.58444182414661e-05, 4.18295593994713e-11, -5.24757971945583e-11, 
2.45810862996381e-11, 2.6528287761382e-11, 3.99836507317901e-11, 
8.47754610721288e-12, -7.28724634839495e-12, 6.51968121243866e-11, 
-3.05410434646874e-09, -2.53773382911084e-09, -2.43574989696361e-09, 
4.59659104806645e-11, -4.13625563082024e-09, -1.54815266138182e-09, 
-4.1798491537742e-09, 5.88783851097363e-09, 0, 0, 0, 0, 0, 0, 
0, 0, 0, 0, 0, 0, 0, 0, 0, 0, -6.83499625627472e-07, 1.58271845141113e-05, 
6.36152225629701e-05, 7.27763105912909e-05, -7.3035331076875e-05, 
-7.30354801126816e-05, 1.08036722673136e-05, 1.8189269020068e-05, 
5.47752364366802e-06, 3.85335052813614e-08, 1.68667558286006e-05, 
2.40581028160215e-06, 1.67307891232234e-07, -1.11969717935139e-05, 
8.98182938907583e-12, -1.25718634484658e-11, 5.69320307842826e-12, 
7.19762463934502e-12, 8.47754606737755e-12, 1.90492856921268e-12, 
-1.985727338671e-12, 1.6689803914092e-11, -1.1431159464505e-09, 
-9.49844432536192e-10, -9.11673025561726e-10, 1.72045083499227e-11, 
-1.54815266081835e-09, -5.79455642278453e-10, -1.56446921297593e-09, 
2.20374988199602e-09, 0, 0, 0, 0, 0, 0, 0, 0, 0, 0, 0, 0, 0, 
0, 0, 0, -8.67633318641104e-05, 6.65398619888826e-05, -4.4346021361842e-05, 
4.38620563605148e-05, -4.36668859684533e-05, -4.36668311097002e-05, 
1.49346822398171e-05, 1.86814799825565e-05, 3.46788392155239e-06, 
-9.0210159813687e-06, 1.9209671535287e-05, 1.67307891455409e-07, 
8.20093622542862e-06, -2.62325647830433e-05, -8.08658075772968e-12, 
1.54912553882398e-11, -6.45374714507985e-12, -1.12840647025638e-11, 
-7.28724628122497e-12, -1.98572720807888e-12, 3.13479649925677e-12, 
-2.36348710238467e-11, -3.08629267781303e-09, -2.56447994137717e-09, 
-2.46142116310256e-09, 4.64503621107065e-11, -4.1798491540738e-09, 
-1.56446921313122e-09, -4.22390212514791e-09, 5.94989261070932e-09, 
0, 0, 0, 0, 0, 0, 0, 0, 0, 0, 0, 0, 0, 0, 0, 0, -2.7683286681672e-05, 
2.55614627010948e-05, 1.38027051302561e-05, 8.90950914309408e-05, 
-8.88003727143474e-05, -8.88003372560258e-05, -3.00206693556135e-05, 
-3.73561063337633e-05, -1.32534424840194e-05, 3.21142630863697e-05, 
-4.58444182414825e-05, -1.11969717937709e-05, -2.62325647832967e-05, 
8.10948946746236e-05, 7.12179631403083e-11, -1.24123379895314e-10, 
5.29206499282642e-11, 8.52086328124987e-11, 6.5196813383185e-11, 
1.66898033015582e-11, -2.36348709862843e-11, 1.82758932207578e-10, 
4.34742791276201e-09, 3.6123896350748e-09, 3.46721850018404e-09, 
-6.54311246772281e-11, 5.88783851034168e-09, 2.20374988209804e-09, 
5.94989261094325e-09, -8.38116533827497e-09, 0, 0, 0, 0, 0, 0, 
0, 0, 0, 0, 0, 0, 0, 0, 0, 0, 2.98050461456834e-05, 2.11711890384677e-05, 
-0.000124059382570656, -0.000195235695749528, 0.000195571006976667, 
0.000195571095698097, 4.3879293840906e-11, -5.64171249196396e-11, 
2.6221619808479e-11, 2.94054270206667e-11, 4.18295600446832e-11, 
8.98182904913245e-12, -8.08658081610524e-12, 7.12179658959843e-11, 
4.59731774723345e-07, -2.40753919273576e-07, 1.75228578302945e-07, 
3.95404964058666e-07, 3.91927254423666e-07, -1.93090687401051e-08, 
1.23541548632904e-07, 8.19536965367971e-07, -3.44672113854231e-10, 
-5.40091005323142e-10, -7.05475753022558e-11, -2.40311151827971e-10, 
-2.43286088255719e-10, 6.86228907542761e-11, -3.48644683564627e-10, 
-8.75008401574087e-10, 0, 0, 0, 0, 0, 0, 0, 0, 0, 0, 0, 0, 0, 
0, 0, 0, 1.24265548564121e-06, 2.0182187768216e-06, -2.60000997216655e-06, 
-2.60264377181837e-06, 2.60265569325918e-06, 2.60265569322833e-06, 
-5.6417125565608e-11, 8.83168947447307e-11, -3.87362900980838e-11, 
-5.59747764993209e-11, -5.24757974104347e-11, -1.2571862225542e-11, 
1.54912551087166e-11, -1.24123380320234e-10, -2.40753919285789e-07, 
1.20000137334577e-06, 5.87705912053432e-07, -1.70162583386175e-07, 
-3.27689191066861e-07, 9.36950188383896e-07, 4.60450501978204e-07, 
1.28348336289797e-06, -5.40091005393762e-10, -8.46306626610803e-10, 
-1.10545963258555e-10, -3.76560465022545e-10, -3.81222102671206e-10, 
1.07530039811819e-10, -5.46315903544623e-10, -1.37111227596222e-09, 
0, 0, 0, 0, 0, 0, 0, 0, 0, 0, 0, 0, 0, 0, 0, 0, 1.10341587665124e-05, 
7.15913042234479e-07, -9.00816326809289e-06, -9.01231495744991e-06, 
9.01230903753023e-06, 9.0123090359182e-06, 2.62216201987867e-11, 
-3.87362900275791e-11, 1.72681237875144e-11, 2.33544665435962e-11, 
2.45810858907941e-11, 5.69320291699056e-12, -6.45374708331534e-12, 
5.29206505946959e-11, 1.752285783052e-07, 5.87705911979395e-07, 
3.8190351452215e-06, 6.47293208183885e-07, -6.82155003733014e-08, 
4.86846863068066e-06, 9.41692560724714e-07, 7.21314897940336e-06, 
-7.05475752671121e-11, -1.10545963246777e-10, -1.44396958140716e-11, 
-4.91869469618585e-11, -4.97958582822387e-11, 1.4045750367327e-11, 
-7.13606820023895e-11, -1.79096940490277e-10, 0, 0, 0, 0, 0, 
0, 0, 0, 0, 0, 0, 0, 0, 0, 0, 0, 2.947429486365e-05, 2.75622217884547e-05, 
